Version 0.9.7
5
 4 10 175 77 128 0 1
 5 80 400 206 81 2 2
 0 166 224 877 276 8 3
 6 365 86 449 130 140 4
 1 346 553 206 81 173 5
 0
19
 255 5 71 189 71 189 71 57 973 57 973 238 973 238 0 1 0 3
 255 5 986 238 986 238 1073 238 1073 472 986 472 986 472 0 3 0 3
 255 5 414 329 414 329 219 329 219 329 219 238 219 238 0 3 0 3
 255 5 381 113 381 113 93 113 93 202 71 202 71 202 0 4 0 1
 255 5 219 472 219 472 219 564 219 564 361 564 361 564 0 3 0 5
 0 5 71 288 71 288 71 669 986 669 986 485 986 485 0 1 0 3
 0 5 361 622 361 622 232 622 232 622 232 485 232 485 0 5 0 3
 0 5 505 394 505 394 973 394 973 394 973 485 973 485 0 3 0 3
 4227327 5 479 433 479 433 479 508 402 508 402 564 402 564 0 3 0 5
 4227327 5 492 433 492 433 492 520 459 520 459 564 459 564 0 3 0 5
 4227327 5 427 394 427 394 427 521 421 521 421 564 421 564 0 3 0 5
 4227327 5 414 433 414 433 414 479 440 479 440 564 440 564 0 3 0 5
 8453888 5 427 290 427 290 427 261 467 261 467 209 467 209 0 3 0 4
 8453888 5 440 290 440 290 440 277 481 277 481 209 480 209 0 3 0 4
 8453888 5 453 329 453 329 453 318 402 318 402 209 402 209 0 3 0 4
 8453888 5 415 209 415 209 415 303 415 303 466 303 466 303 0 4 0 3
 8453888 5 479 329 459 329 459 244 428 244 428 209 428 209 0 3 0 4
 8453888 5 492 316 492 316 492 236 441 236 441 209 441 209 0 3 0 4
 8453888 5 454 209 454 209 454 228 505 228 505 290 505 290 0 4 0 3
1
 7047 1 16 408 342 5 0 2076642580 2 3
