Version 0.9.7
6
 4 10 175 77 128 0 1
 5 467 632 206 81 2 2
 0 199 197 877 276 8 3
 1 283 499 206 81 140 5
 6 552 18 449 130 150 6
 3 283 618 203 58 183 7
 0
37
 255 5 71 189 71 189 71 211 71 211 252 211 252 211 0 1 0 3
 255 5 1019 211 1019 211 1089 211 1089 445 1019 445 1019 445 0 3 0 3
 0 5 71 249 71 249 105 249 105 224 252 224 252 224 0 1 0 3
 0 5 1019 224 1019 224 1081 224 1081 458 1019 458 1019 458 0 3 0 3
 0 5 954 406 954 406 954 406 954 458 954 458 954 458 0 3 0 3
 255 5 252 445 252 445 219 445 219 510 298 510 298 510 0 3 0 5
 65793 5 252 458 252 458 252 568 252 568 298 568 298 568 0 3 0 5
 255 5 568 45 568 45 278 45 278 45 278 211 278 211 0 6 0 3
 255 5 499 406 499 406 499 406 499 445 499 445 499 445 0 3 0 3
 0 5 499 263 499 263 499 263 499 224 499 224 499 224 0 3 0 3
 32768 5 472 510 472 503 585 503 585 243 525 243 525 302 0 5 0 3
 32768 5 453 510 453 510 453 486 538 486 538 406 538 406 0 5 0 3
 32768 5 473 406 473 406 473 425 444 425 444 510 434 510 0 3 0 5
 32768 5 447 406 434 406 434 464 415 464 415 510 415 510 0 3 0 5
 65280 5 396 510 396 510 396 186 512 186 512 302 512 302 0 5 0 3
 65280 5 377 510 377 510 377 496 525 496 525 367 525 367 0 5 0 3
 65280 5 358 510 358 510 358 479 486 479 486 367 486 367 0 5 0 3
 65280 5 339 510 339 510 339 302 339 302 447 302 447 302 0 5 0 3
 16711680 5 486 289 486 289 486 289 499 289 499 289 499 289 0 3 0 3
 16776960 5 473 289 473 289 158 289 158 698 329 698 329 662 0 3 0 7
 0 5 294 655 294 655 265 655 265 655 265 458 265 458 0 7 0 3
 4227327 5 538 302 562 302 562 353 760 353 760 302 759 302 0 3 0 3
 4227327 5 746 302 746 302 746 380 746 380 512 380 512 380 0 3 0 3
 4227327 5 460 367 460 367 733 367 733 367 733 302 733 302 0 3 0 3
 4227327 5 460 302 460 302 460 343 720 343 720 302 720 302 0 3 0 3
 16744448 5 902 263 902 263 902 141 902 141 901 141 901 141 0 3 0 6
 16744448 5 915 263 915 263 915 141 915 141 914 141 914 141 0 3 0 6
 16744448 5 928 263 928 263 928 141 928 141 927 141 927 141 0 3 0 6
 16744448 5 941 263 941 263 941 141 941 141 940 141 940 141 0 3 0 6
 16744448 5 954 263 954 263 954 141 954 141 953 141 953 141 0 3 0 6
 16744448 5 876 263 876 263 876 185 966 185 966 141 966 141 0 3 0 6
 16744448 5 889 263 889 263 889 173 979 173 979 141 979 141 0 3 0 6
 33023 5 759 289 796 289 796 391 941 391 941 406 941 406 0 3 0 3
 33023 5 746 289 746 289 746 276 808 276 808 367 863 367 0 3 0 3
 33023 5 733 289 733 289 733 264 825 264 825 380 876 380 0 3 0 3
 33023 5 720 289 720 289 699 289 699 406 928 406 928 406 0 3 0 3
 255 5 863 263 863 263 863 263 863 211 863 211 863 211 0 3 0 3
2
 7083 1 16 441 315 5 0 2076642580 2 3
 7047 1 16 857 315 5 0 2076642580 2 3
